	Sample.1	Sample.2	Sample.3	Sample.4	Sample.5	Sample.6	Sample.7	Sample.8	Sample.9	Sample.10	Sample.11	Sample.12	Sample.13	Sample.14	Sample.15	Sample.16	Sample.17	Sample.18	Sample.19	Sample.20	Sample.21	Sample.22	Sample.23	Sample.24	Sample.25	Sample.26	Sample.27	Sample.28	Sample.29	Sample.30	Sample.31	Sample.32	Sample.33	Sample.34	Sample.35	Sample.36	Sample.37	Sample.38	Sample.39	Sample.40	Sample.41	Sample.42	Sample.43	Sample.44	Sample.45	Sample.46	Sample.47	Sample.48
Marker.1	1	2	1	2	2	1	2	2	2	2	2	2	2	1	2	2	3	2	2	2	1	1	1	1	5	2	1	2	2	2	1	1	1	1	1	3	1	3	1	4	2	1	2	3	3	3	3	1
Marker.2	1	2	1	2	U	5	2	U	3	1	3	U	U	U	1	2	2	1	1	1	5	2	1	3	4	U	2	2	5	2	1	3	2	2	2	2	3	U	U	U	2	2	3	6	4	6	4	2
Marker.3	1	2	1	2	2	1	1	U	2	6	1	6	U	2	4	2	2	U	2	4	3	3	3	3	U	1	1	U	2	1	1	2	2	1	1	5	2	3	1	4	1	2	2	5	U	5	3	2
Marker.4	1	2	1	2	2	1	2	1	1	2	1	2	2	1	1	1	2	2	1	1	2	2	3	2	2	3	1	1	2	2	1	2	2	2	2	1	1	1	2	1	1	N	1	1	1	1	1	1
Marker.5	1	2	1	2	1	5	3	2	1	1	1	1	1	1	2	1	2	1	1	1	1	1	1	2	6	2	1	1	1	1	1	2	1	1	5	1	1	6	1	1	3	1	3	4	1	4	1	1
Marker.6	1	2	1	2	1	1	3	1	1	1	2	1	1	1	2	2	2	2	2	2	1	1	1	1	5	1	1	1	1	1	1	3	3	2	1	4	1	1	1	1	1	3	3	1	1	1	1	1
Marker.7	1	2	1	2	1	4	2	2	1	2	1	2	2	1	2	2	2	2	2	2	2	2	2	2	1	2	2	1	1	2	1	2	2	2	1	3	2	1	2	2	2	2	1	1	3	3	1	2
Marker.8	1	2	1	2	2	3	1	1	2	1	2	1	2	2	1	2	2	2	2	2	1	1	1	1	U	3	1	3	2	1	2	1	1	3	2	4	5	2	1	1	6	1	1	3	4	3	4	1
Marker.9	1	1	1	1	1	3	1	1	1	2	1	3	1	U	1	1	1	1	1	4	U	1	U	1	2	2	1	4	U	1	1	1	3	2	U	1	2	U	U	1	1	1	2	1	2	1	1	1
Marker.10	1	2	1	2	1	5	2	U	1	1	U	2	1	1	U	1	4	2	2	3	2	2	2	1	U	2	1	2	1	1	4	3	3	2	5	6	1	1	3	3	3	3	1	U	U	6	U	1
Marker.11	1	2	1	2	2	1	1	2	2	1	2	2	2	1	1	1	2	2	1	2	2	2	2	2	2	2	2	1	2	2	1	2	2	2	1	3	2	1	4	2	2	2	2	1	3	5	3	2
Marker.12	1	1	1	1	3	4	U	1	1	1	1	1	1	1	1	U	1	1	1	1	1	1	1	1	1	6	1	1	3	1	1	U	1	1	5	2	1	U	1	1	1	1	1	2	2	2	2	1
Marker.13	1	2	1	2	2	3	6	1	1	U	1	2	1	1	4	5	4	5	5	1	1	1	1	1	3	3	2	4	2	3	U	4	4	2	3	3	5	1	4	2	4	5	5	3	3	3	3	2
Marker.14	1	2	1	2	4	3	2	1	1	2	2	2	1	1	6	1	1	5	5	6	2	2	U	U	6	4	1	4	4	1	U	U	U	5	3	3	1	U	1	1	2	1	1	3	3	3	3	1
Marker.15	1	2	1	2	2	3	1	2	1	2	1	1	2	2	3	3	2	2	3	3	1	1	2	2	2	1	2	2	2	3	2	2	2	2	1	1	3	4	4	3	2	3	4	2	1	1	1	U
Marker.16	1	2	1	2	U	2	5	4	2	2	2	1	2	3	3	4	2	2	1	5	1	1	3	U	2	2	1	1	U	3	1	1	1	2	U	2	1	6	U	1	1	1	6	2	2	2	2	1
Marker.17	1	2	1	2	2	2	2	1	1	1	2	2	2	1	1	2	2	2	1	2	2	2	2	2	2	1	1	1	2	2	1	3	3	2	6	2	4	1	3	5	2	4	2	2	2	2	2	1
Marker.18	1	2	1	2	1	U	2	2	2	2	2	1	2	1	2	2	2	1	2	5	3	3	2	U	1	1	1	3	1	1	2	1	1	3	1	2	1	1	1	4	3	1	6	1	2	2	2	4
Marker.19	1	2	1	2	1	1	1	1	1	1	1	2	2	2	1	1	1	2	1	2	2	2	2	2	1	2	2	2	1	1	1	1	1	2	1	3	1	1	1	1	4	1	2	1	1	1	1	1
Marker.20	3	2	1	2	3	1	2	1	1	2	1	2	2	1	1	1	1	2	1	1	2	2	2	2	3	1	1	1	1	4	1	U	1	1	1	3	4	3	1	1	1	1	1	3	3	3	3	1
Marker.21	6	2	1	2	1	U	5	1	1	2	2	1	2	1	2	1	1	1	1	1	4	4	4	4	U	1	1	1	1	1	1	1	5	1	1	3	1	1	1	1	5	1	1	3	3	3	3	1
Marker.22	1	2	1	2	1	1	2	1	2	1	1	1	2	2	2	2	2	2	U	2	1	1	1	2	1	2	2	1	1	1	1	4	4	2	1	3	1	1	1	U	2	1	2	3	3	3	3	5
Marker.23	1	2	1	2	3	6	5	3	3	2	1	4	1	1	1	4	2	2	2	1	2	2	1	U	4	2	3	5	3	3	1	4	2	2	2	2	5	4	U	2	1	5	1	2	2	2	2	2
Marker.24	1	2	2	2	1	1	2	2	2	2	2	2	2	2	1	2	1	1	2	2	2	2	2	2	2	1	2	2	2	2	1	2	2	2	1	3	4	1	4	4	6	U	2	5	3	3	5	2
Marker.25	1	1	1	1	1	U	U	U	1	1	1	1	1	U	3	5	1	2	1	1	2	N	2	5	3	U	1	1	1	1	1	6	6	2	3	4	1	3	1	2	3	1	2	4	4	4	4	1
Marker.26	4	2	4	2	1	6	U	2	2	4	2	2	4	1	4	1	3	2	U	1	5	5	1	5	2	3	U	2	1	3	1	3	U	1	1	1	1	1	U	1	5	1	3	1	1	1	1	3
Marker.27	1	2	5	2	1	U	3	U	1	1	1	2	1	1	1	2	2	2	2	1	1	1	3	3	6	2	2	1	1	2	1	3	1	2	4	2	3	3	2	2	1	3	1	1	2	2	2	2
Marker.28	1	2	1	2	N	U	2	1	2	1	2	1	2	1	1	1	3	1	1	1	3	3	2	2	6	1	3	1	U	1	1	3	1	1	5	4	3	U	1	3	U	3	1	4	4	4	4	1
